\begin{tabular}{lrrrrrrrrrrr}
\toprule
 & ret_1d & ret_20d & ret_60d & vol_20d & vol_60d & downside_vol_20d & downside_vol_60d & var_95_60d & cvar_95_60d & drawdown & skew_60d \\
\midrule
ret_1d & 1.0000 & 0.2207 & 0.1199 & -0.0030 & 0.0010 & -0.0380 & -0.0136 & 0.0268 & 0.0195 & 0.0415 & 0.0396 \\
ret_20d & 0.2207 & 1.0000 & 0.5544 & -0.3686 & -0.1483 & -0.4306 & -0.1908 & 0.2015 & 0.2292 & 0.1788 & 0.0666 \\
ret_60d & 0.1199 & 0.5544 & 1.0000 & -0.5629 & -0.4837 & -0.4867 & -0.4987 & 0.5703 & 0.5679 & 0.3046 & 0.0764 \\
vol_20d & -0.0030 & -0.3686 & -0.5629 & 1.0000 & 0.8298 & 0.8693 & 0.7598 & -0.8244 & -0.7969 & -0.3513 & 0.0387 \\
vol_60d & 0.0010 & -0.1483 & -0.4837 & 0.8298 & 1.0000 & 0.6629 & 0.8997 & -0.9423 & -0.9303 & -0.4019 & 0.0479 \\
downside_vol_20d & -0.0380 & -0.4306 & -0.4867 & 0.8693 & 0.6629 & 1.0000 & 0.7124 & -0.6682 & -0.7123 & -0.3104 & -0.1962 \\
downside_vol_60d & -0.0136 & -0.1908 & -0.4987 & 0.7598 & 0.8997 & 0.7124 & 1.0000 & -0.8367 & -0.9839 & -0.3609 & -0.3340 \\
var_95_60d & 0.0268 & 0.2015 & 0.5703 & -0.8244 & -0.9423 & -0.6682 & -0.8367 & 1.0000 & 0.8766 & 0.4049 & -0.0323 \\
cvar_95_60d & 0.0195 & 0.2292 & 0.5679 & -0.7969 & -0.9303 & -0.7123 & -0.9839 & 0.8766 & 1.0000 & 0.3751 & 0.2340 \\
drawdown & 0.0415 & 0.1788 & 0.3046 & -0.3513 & -0.4019 & -0.3104 & -0.3609 & 0.4049 & 0.3751 & 1.0000 & -0.0653 \\
skew_60d & 0.0396 & 0.0666 & 0.0764 & 0.0387 & 0.0479 & -0.1962 & -0.3340 & -0.0323 & 0.2340 & -0.0653 & 1.0000 \\
\bottomrule
\end{tabular}
