\begin{tabular}{lrrrrrrrrrrr}
\toprule
 & ret_1d & ret_20d & ret_60d & vol_20d & vol_60d & downside_vol_20d & downside_vol_60d & var_95_60d & cvar_95_60d & drawdown & skew_60d \\
\midrule
ret_1d & 1.0000 & 0.2198 & 0.1185 & 0.0005 & 0.0024 & -0.0333 & -0.0108 & 0.0254 & 0.0169 & 0.0390 & 0.0370 \\
ret_20d & 0.2198 & 1.0000 & 0.5447 & -0.3600 & -0.1382 & -0.4236 & -0.1780 & 0.1951 & 0.2155 & 0.1622 & 0.0610 \\
ret_60d & 0.1185 & 0.5447 & 1.0000 & -0.5618 & -0.4733 & -0.4916 & -0.4901 & 0.5627 & 0.5573 & 0.2805 & 0.0700 \\
vol_20d & 0.0005 & -0.3600 & -0.5618 & 1.0000 & 0.8273 & 0.8647 & 0.7540 & -0.8212 & -0.7935 & -0.3137 & 0.0447 \\
vol_60d & 0.0024 & -0.1382 & -0.4733 & 0.8273 & 1.0000 & 0.6548 & 0.8950 & -0.9413 & -0.9274 & -0.3611 & 0.0564 \\
downside_vol_20d & -0.0333 & -0.4236 & -0.4916 & 0.8647 & 0.6548 & 1.0000 & 0.7081 & -0.6635 & -0.7080 & -0.2468 & -0.1917 \\
downside_vol_60d & -0.0108 & -0.1780 & -0.4901 & 0.7540 & 0.8950 & 0.7081 & 1.0000 & -0.8357 & -0.9833 & -0.2891 & -0.3302 \\
var_95_60d & 0.0254 & 0.1951 & 0.5627 & -0.8212 & -0.9413 & -0.6635 & -0.8357 & 1.0000 & 0.8768 & 0.3417 & -0.0353 \\
cvar_95_60d & 0.0169 & 0.2155 & 0.5573 & -0.7935 & -0.9274 & -0.7080 & -0.9833 & 0.8768 & 1.0000 & 0.3144 & 0.2301 \\
drawdown & 0.0390 & 0.1622 & 0.2805 & -0.3137 & -0.3611 & -0.2468 & -0.2891 & 0.3417 & 0.3144 & 1.0000 & -0.1059 \\
skew_60d & 0.0370 & 0.0610 & 0.0700 & 0.0447 & 0.0564 & -0.1917 & -0.3302 & -0.0353 & 0.2301 & -0.1059 & 1.0000 \\
\bottomrule
\end{tabular}
